########################################################
TYPE: MAP
LANG: 1
BIT_MODE: 16
DATA:
__align(4) const CUSTOM_STRING_MAP_16 StrMap_1[] = {
	1,
	7,
	16,
	23,
	32,
	41,
	51,
	55,
	63,
	72,
	78,
	89,
	98,
	120,
	136,
	147,
	162,
	172,
	177,
	187,
	192,
	199,
	210,
	216,
	222,
	230,
	238,
	249,
	257,
	266,
	271,
	279,
	303,
	333,
	340,
	353,
	367,
	392,
	397,
	408,
	416,
	423,
	434,
	442,
	451,
	459,
	464,
	478,
	486,
	497,
	511,
	516,
	525,
	535,
	547,
	554,
	572,
	590,
	603,
	614,
	621,
	641,
	662,
	667,
	684,
	690,
	696,
	704,
	710,
	715,
	722,
	737,
	752,
	757,
	777,
	792,
	801,
	809,
	815,
	820,
	825,
	830,
	835,
	841,
	854,
	879,
	887,
	907,
	915,
	948,
	970,
	994,
	1011,
	1026,
	1040,
	1055,
	1071,
	1090,
	1102,
	1107,
	1115,
	1121,
	1128,
	1132,
	1139,
	1144,
	1153,
	1161,
	1168,
	1180,
	1192,
	1206,
	1214,
	1227,
	1232,
	1237,
	1244,
	1263,
	1268,
	1285,
	1288,
	1303,
	1308,
	1315,
	1329,
	1361,
	1379,
	1393,
	1397,
	1400,
	1403,
	1408,
	1416,
	1423,
	1448,
	1457,
	1463,
	1469,
	1477,
	1482,
	1508,
	1520,
	1538,
	1544,
	1552,
	1558,
	1567,
	1573,
	1578,
	1583,
	1592,
	1607,
	1617,
	1628,
	1636,
	1643,
	1651,
	1658,
	1666,
	1672,
	1679,
	1685,
	1692,
	1701,
	1706,
	1712,
	1730,
	1736,
	1743,
	1750,
	1760,
	1767,
	1772,
	1785,
	1809,
	1827,
	1835,
	1840,
	1849,
	1856,
	1860,
	1866,
	1872,
	1877,
	1885,
	1891,
	1896,
	1904,
	1912,
	1917,
	1930,
	1935,
	1962,
	1978,
	1989,
	1996,
	2007,
	2026,
	2030,
	2037,
	2041,
	2058,
	2067,
	2081,
	2094,
	2100,
	2105,
	2112,
	2122,
	2126,
	2131,
	2135,
	2161,
	2193,
	2213,
	2234,
	2274,
	2305,
	2324,
	2345,
	2380,
	2390,
	2397,
	2404,
	2412,
	2422,
	2431,
	2438,
	2447,
	2451,
	2455,
	2459,
	2463,
	2467,
	2471,
	2475,
	2479,
	2483,
	2487,
	2491,
	2495,
	2499,
	2503,
	2507,
	2511,
	2515,
	2519,
	2523,
	2534,
	2540,
	2546,
	2554,
	2566,
	2573,
	2580,
	2641,
	1361,
	2695,
	535,
	2705,
	2716,
	2734,
	2747,
	2765,
	2786,
	2797,
	2812,
	516,
	2827,
	2839,
	2858,
	2858,
	2839,
	2858,
	2839,
	2877,
	2886,
	2895,
	2904,
	2913,
	2922,
	2975,
	3040,
	3096,
	3119,
	3184,
	3193,
	3239,
	3277,
	3289,
	3303,
	3309,
	3314,
	3339,
	3359,
	3367,
	3380,
	3384,
	3389,
	3403,
	3416,
	3435,
	3448,
	3453,
	3479,
	3500,
	3510,
	3512,
	3520,
	3540,
	3563,
	3585,
	3606,
	3641,
	3671,
	3720,
	3776,
	3810,
	3831,
	3844,
	3859,
	3864,
	3879,
	3894,
	3911,
	3949,
	3973,
	3986,
	4001,
	4019,
	4037,
	4070,
	4098,
	4118,
	4149,
	4168,
	4186,
	4209,
	4226,
	4226,
	4226,
	4226,
	4226,
	4226,
	4226,
	4238,
	4244,
	4250,
	4256,
	4262,
	4268,
	4274,
	4280,
	4286,
	4292,
	4298,
	4308,
	4319,
	4333,
	4346,
	4366,
	4385,
	4404,
	4409,
	4423,
	4437,
	4457,
	4468,
	4485,
	4494,
	4505,
	4512,
	4521,
	4531,
	4544,
	4554,
	4571,
	4586,
	4606,
	4620,
	4635,
	4651,
	4679,
	4694,
	4711,
	4730,
	4298,
	4751,
	4764,
	4777,
	4791,
	4814,
	4826,
	4831,
	4838,
	4848,
	4863,
	4894,
	4932,
	4962,
	4975,
	4995,
	5015,
	5042,
	5056,
	5083,
	5105,
	5120,
	5134,
	5145,
	5164,
	5178,
	5181,
	5207,
	5214,
	5229,
	5245,
	5254,
	5265,
	5293,
	5309,
	5321,
	5334,
	5345,
	5351,
	5354,
	5359,
	5363,
	5367,
	5380,
	5393,
	5407,
	5421,
	5354,
	5429,
	5437,
	5453,
	4962,
	5469,
	5514,
	5563,
	4457,
	5569,
	1840,
	5584,
	5631,
	5644,
	5648,
	2126,
	5657,
	5670,
	5689,
	2380,
	5712,
	5734,
	5749,
	5776,
	5800,
	5809,
	5842,
	5873,
	5903,
	5928,
	5952,
	5975,
	6002,
	6030,
	6060,
	6090,
	6117,
	6144,
	6181,
	6238,
	6265,
	6305,
	6323,
	6346,
	6369,
	6398,
	6424,
	6446,
	6473,
	6504,
	6521,
	6550,
	6571,
	6584,
	6595,
	6618,
	6640,
	6653,
	6677,
	6687,
	6701,
	6716,
	6733,
	6756,
	6778,
	6809,
	6839,
	6865,
	6870,
	6876,
	6912,
	6935,
	6950,
	6961,
	6973,
	6991,
	6912,
	7008,
	7019,
	7032,
	7043,
	7053,
	7069,
	7076,
	7083,
	7095,
	7114,
	7131,
	7152,
	7173,
	7186,
	7196,
	7211,
	7227,
	7245,
	7277,
	7298,
	7322,
	7346,
	7351,
	7381,
	7411,
	7420,
	7436,
	7445,
	7455,
	7463,
	7472,
	7483,
	7487,
	7491,
	7495,
	7499,
	7506,
	7519,
	7531,
	7547,
	7563,
	7580,
	7614,
	7619,
	7625,
	7629,
	7634,
	7641,
	7653,
	7666,
	7687,
	7698,
	7711,
	7730,
	7743,
	7751,
	7763,
	7789,
	7809,
	7821,
	7839,
	7855,
	7877,
	7889,
	7910,
	7940,
	7955,
	7969,
	7982,
	7990,
	7998,
	8007,
	8017,
	8038,
	8045,
	8054,
	8065,
	8076,
	8080,
	8092,
	8103,
	8116,
	8129,
	8142,
	8146,
	8153,
	8162,
	8189,
	8199,
	8208,
	8228,
	8243,
	8251,
	8260,
	8268,
	8272,
	8283,
	8290,
	8302,
	3859,
	8307,
	8314,
	8329,
	8340,
	8353,
	8370,
	8389,
	8407,
	8430,
	8451,
	8472,
	8492,
	8507,
	8517,
	8530,
	8548,
	8567,
	8583,
	8603,
	8616,
	8620,
	8626,
	8631,
	8637,
	8643,
	8672,
	8677,
	8696,
	8711,
	8723,
	8735,
	8747,
	8757,
	8773,
	8801,
	8817,
	8831,
	8847,
	8859,
	8875,
	8890,
	8904,
	8916,
	8936,
	8954,
	8974,
	8993,
	9021,
	9047,
	9063,
	9080,
	9121,
	9145,
	9161,
	9179,
	9189,
	9203,
	9211,
	9222,
	9233,
	9247,
	9264,
	9287,
	9303,
	9320,
	9332,
	9342,
	9364,
	9384,
	757,
	9399,
	9413,
	9428,
	9442,
	9452,
	9465,
	9477,
	9487,
	9504,
	9521,
	9548,
	9567,
	9595,
	9618,
	9567,
	9642,
	9664,
	9688,
	9705,
	9721,
	9747,
	9768,
	9768,
	9781,
	9800,
	9836,
	9853,
	9871,
	9893,
	9928,
	9945,
	9969,
	9982,
	9997,
	10022,
	10039,
	10056,
	10080,
	10096,
	10113,
	10134,
	10142,
	10150,
	10158,
	10166,
	10174,
	10199,
	10217,
	10233,
	10249,
	10261,
	10272,
	10284,
	10308,
	10321,
	10339,
	10361,
	10382,
	10392,
	10361,
	10402,
	10416,
	10430,
	10451,
	10465,
	10481,
	7519,
	9928,
	10503,
	10510,
	10514,
	10517,
	10532,
	10546,
	10557,
	10568,
	10584,
	10620,
	10657,
	10670,
	10683,
	10694,
	10705,
	10710,
	10719,
	10727,
	10741,
	10751,
	10768,
	10778,
	10751,
	10783,
	10751,
	10788,
	10792,
	10800,
	4298,
	230,
	486,
	10805,
	10822,
	10829,
	10859,
	10891,
	10909,
	10926,
	10934,
	10942,
	10948,
	10955,
	10976,
	10986,
	10998,
	11009,
	11020,
	11037,
	11049,
	11066,
	11085,
	11100,
	11112,
	11123,
	11136,
	11146,
	7483,
	7487,
	11165,
	7491,
	11175,
	9928,
	11183,
	11197,
	11209,
	11223,
	11234,
	11251,
	11253,
	11267,
	11294,
	11322,
	11363,
	11405,
	11447,
	11467,
	11484,
	11533,
	11572,
	11621,
	11633,
	11646,
	11654,
	11661,
	11669,
	11676,
	1701,
	11682,
	11691,
	11700,
	459,
	210,
	1408,
	172,
	1397,
	11708,
	11724,
	2131,
	1285,
	51,
	1760,
	710,
	1743,
	11737,
	11757,
	11770,
	11778,
	11795,
	11805,
	11100,
	11814,
	11821,
	11835,
	11852,
	11874,
	5354,
	11889,
	11900,
	11916,
	11938,
	11963,
	11982,
	11986,
	1701,
	11990,
	192,
	12009,
	12021,
	12028,
	12038,
	12050,
	684,
	12054,
	12062,
	12083,
	12088,
	12093,
	12093,
	12100,
	12124,
	177,
	12139,
	12169,
	12192,
	12218,
	12247,
	12253,
	12263,
	12287,
	12314,
	12324,
	12344,
	12362,
	12376,
	12521,
	12536,
	12572,
	12581,
	12586,
	12601,
	12609,
	12786,
	12796,
	12808,
	12820,
	12829,
	12848,
	5334,
	12889,
	12910,
	12921,
	12934,
	12945,
	12953,
	12964,
	12979,
	13008,
	13019,
	13025,
	13038,
	13058,
	1303,
	13077,
	13093,
	13104,
	13117,
	13129,
	13144,
	13171,
	8260,
	13181,
	13198,
	13214,
	13251,
	13270,
	13296,
	13323,
	13354,
	13391,
	13425,
	13465,
	13505,
	13530,
	13559,
	13587,
	13620,
	13643,
	13658,
	13676,
	13696,
	11251,
	13701,
	13717,
	13740,
	13750,
	13790,
	13803,
	13819,
	13845,
	13870,
	13884,
	13905,
	279,
	13962,
	13995,
	14007,
	14023,
	14042,
	14059,
	14085,
	14118,
	14153,
	14174,
	14202,
	14223,
	14227,
	6701,
	14248,
	14265,
	14283,
	14293,
	14303,
	14317,
	14327,
	14337,
	14353,
	11020,
	14371,
	11037,
	14383,
	14394,
	14424,
	14436,
	11020,
	14449,
	14424,
	14462,
	14480,
	14496,
	614,
	14507,
	14516,
	14533,
	14548,
	14561,
	14576,
	14585,
	14596,
	14608,
	14627,
	14646,
	14667,
	14690,
	14715,
	14732,
	14746,
	14763,
	14779,
	14796,
	14807,
	14818,
	14837,
	14847,
	14868,
	14900,
	14913,
	14925,
	14938,
	14949,
	14962,
	14980,
	14986,
	14998,
	15004,
	15017,
	15032,
	15043,
	15050,
	15064,
	15078,
	15088,
	15105,
	15113,
	15128,
	15141,
	3879,
	3894,
	15156,
	15170,
	15189,
	15224,
	15237,
	15247,
	3879,
	9465,
	15267,
	15278,
	15296,
	15316,
	15336,
	15358,
	3986,
	15375,
	15401,
	15419,
	15444,
	15468,
	15482,
	15505,
	15526,
	15544,
	9781,
	15558,
	15567,
	15578,
	15586,
	15598,
	15614,
	15631,
	15638,
	15645,
	15652,
	15656,
	15660,
	15675,
	15689,
	15694,
	15701,
	15709,
	15725,
	15742,
	15750,
	15758,
	15773,
	15778,
	15784,
	15791,
	15797,
	7614,
	15803,
	15840,
	15866,
	15879,
	15879,
	2716,
	15888,
	15909,
	15966,
	16014,
	16026,
	16040,
	16094,
	5514,
	5563,
	5469,
	16140,
	16150,
	1303,
	16162,
	16172,
	16182,
	16187,
	16194,
	16203,
	16213,
	16221,
	16229,
	16236,
	16243,
	16252,
	16261,
	16270,
	16280,
	16289,
	16302,
	16308,
	16317,
	16327,
	16338,
	16355,
	16363,
	16374,
	16380,
	16394,
	16401,
	16406,
	16416,
	16425,
	16435,
	16444,
	16452,
	16465,
	16471,
	16481,
	16486,
	16499,
	16509,
	16516,
	16523,
	16530,
	16542,
	16553,
	16560,
	16567,
	16577,
	16589,
	16598,
	16605,
	16615,
	16624,
	16639,
	16645,
	16653,
	16663,
	16670,
	16676,
	16682,
	16687,
	16701,
	16710,
	16720,
	16726,
	16734,
	16744,
	16751,
	16758,
	16765,
	16771,
	16777,
	16787,
	16794,
	16806,
	16813,
	16824,
	16831,
	16838,
	1303,
	16844,
	16848,
	16852,
	16856,
	16860,
	16864,
	16868,
	16872,
	16876,
	16880,
	16884,
	16888,
	16892,
	16896,
	16900,
	16904,
	16908,
	16912,
	16916,
	16920,
	16924,
	16928,
	16932,
	16936,
	16940,
	16944,
	16948,
	16952,
	16956,
	16960,
	16964,
	16968,
	16972,
	16976,
	16980,
	16984,
	16988,
	16992,
	16996,
	17000,
	17004,
	17008,
	17012,
	17016,
	17020,
	17024,
	17028,
	17032,
	17036,
	17040,
	17044,
	17048,
	17052,
	17056,
	17060,
	17064,
	17068,
	17072,
	17076,
	17114,
	17122,
	16150,
	17126,
	17138,
	17152,
	17170,
	17182,
	17205,
	17227,
	17247,
	17262,
	17284,
	17303,
	17323,
	17337,
	17350,
	17363,
	17378,
	17393,
	17404,
	17428,
	17444,
	17470,
	17516,
	17541,
	17555,
	17570,
	17583,
	17594,
	17606,
	17618,
	17630,
	17642,
	17654,
	17676,
	17689,
	14646,
	6571,
	17702,
	17718,
	17733,
	17740,
	17747,
	17760,
	17779,
	17797,
	17804,
	17813,
	17827,
	17840,
	17848,
	17860,
	17890,
	17902,
	17924,
	17940,
	17952,
	17955,
	17966,
	9477,
	2126,
	18004,
	17152,
	18017,
	18026,
	18042,
	18052,
	18066,
	18077,
	18093,
	18108,
	18120,
	18134,
	18145,
	18157,
	3510,
	18172,
	18192,
	18233,
	18272,
	18279,
	18283,
	18294,
	3479,
	18321,
	18336,
	3453,
	18352,
	18370,
	18396,
	18416,
	18445,
	2126,
	18466,
	18474,
	18490,
	18502,
	18515,
	18527,
	18541,
	18557,
	18578,
	18541,
	18600,
	18622,
	18527,
	18632,
	18651,
	18667,
	18687,
	8831,
	18706,
	18134,
	18145,
	18715,
	18108,
	18120,
	18731,
	18747,
	18767,
	18772,
	18785,
	18799,
	18814,
	18821,
	18834,
	18838,
	18850,
	18866,
	18886,
	18895,
	18908,
	18917,
	18932,
	18935,
	18938,
	18941,
	18944,
	18961,
	18976,
	18984,
	18993,
	19004,
	19010,
	19014,
	19022,
	19043,
	19060,
	19080,
	19090,
	19100,
	19105,
	19110,
	19120,
	19129,
	19143,
	19154,
	19164,
	19172,
	19180,
	19189,
	19198,
	19206,
	19214,
	19227,
	19235,
	19239,
	19244,
	19252,
	19262,
	19277,
	19295,
	19311,
	19331,
	19343,
	19363,
	19380,
	19398,
	19416,
	19434,
	19450,
	19469,
	19492,
	19522,
	19562,
	19583,
	19612,
	6973,
	19634,
	19661,
	19680,
	1026,
	19709,
	19725,
	19742,
	19772,
	19802,
	19832,
	19832,
	13104,
	19854,
	19878,
	19911,
	19946,
	19962,
	19980,
	20002,
	20022,
	20028,
	20057,
	20067,
	5345,
	20084,
	20094,
	20107,
	20121,
	12054,
	20133,
	20150,
	20162,
	20175,
	20190,
	20200,
	20209,
	20215,
	20223,
	20229,
	20234,
	20240,
	14980,
	20255,
	20263,
	20121,
	20274,
	20284,
	20292,
	20305,
	1040,
	20311,
	5469,
	3359,
	5421,
	5407,
	20346,
	20359,
	20368,
	2105,
	20374,
	1692,
	20385,
	20403,
	20414,
	20419,
	20432,
	20442,
	20452,
	20466,
	20481,
	20496,
	20511,
	20526,
	20541,
	20558,
	20576,
	20589,
	20608,
	14383,
	20619,
	14980,
	20628,
	20640,
	2566,
	20652,
	20669,
	20677,
	20685,
	20692,
	20698,
	20711,
	20725,
	20737,
	20749,
	20770,
	20796,
	20815,
	20833,
	20853,
	20881,
	20923,
	20957,
	20998,
	21049,
	21055,
	21062,
	14998,
	21068,
	11251,
	21098,
	21102,
	21114,
	21124,
	21133,
	4186,
	21144,
	21173,
	21189,
	21205,
	21212,
	21225,
	21253,
	21267,
	21284,
	21306,
	11100,
	21328,
	11100,
	21340,
	21355,
	21371,
	21439,
	21467,
	21499,
	21525,
	21540,
	21554,
	21565,
	21572,
	21586,
	21598,
	21610,
	21623,
	21637,
	21658,
	21672,
	21683,
	21699,
	21705,
	21716,
	21731,
	21742,
	21753,
	21764,
	21786,
	21795,
	10546,
	21803,
	21819,
	21829,
	21840,
	21851,
	21862,
	21873,
	21875,
	21877,
	21879,
	21881,
	21795,
	21883,
	21898,
	21904,
	21911,
	21919,
	21927,
	21935,
	21943,
	21951,
	21959,
	21967,
	21975,
	21983,
	21992,
	22001,
	22010,
	22019,
	22028,
	22037,
	22046,
	22065,
	3510,
	22067,
	22069,
	22071,
	22074,
	22077,
	22117,
	22136,
	22153,
	22158,
	22172,
	22203,
	22216,
	22234,
	11085,
	22245,
	22260,
	22273,
	22298,
	22317,
	22329,
	22344,
	22353,
	22363,
	22377,
	22392,
	22408,
	22415,
	22427,
	22447,
	22459,
	22471,
	22542,
	22551,
	22559,
	21340,
	22572,
	22592,
	22659,
	22677,
	22701,
	13019,
	22718,
	7982,
	22729,
	22742,
	22753,
	15694,
	22760,
	22765,
	333,
	22774,
	22784,
	22795,
	22819,
	22859,
	22869,
	22901,
	22910,
	22922,
	22933,
	22950,
	22966,
	22975,
	22986,
	22997,
	23018,
	23035,
	23049,
	23061,
	23126,
	23138,
	23147,
	23160,
	23171,
	23195,
	23201,
	23208,
	15879,
	23222,
	23240,
	23253,
	23201,
	23269,
	23277,
	23290,
	23301,
	1849,
	23308,
	23315,
	23322,
	603,
	23329,
	23349,
	23369,
	23374,
	23383,
	23388,
	23399,
	23405,
	23421,
	23436,
	23450,
	23459,
	4298,
	15017,
	23468,
	23475,
	23483,
	23492,
	23497,
	23508,
	23526,
	23533,
	23545,
	23556,
	23564,
	23579,
	23592,
	23301,
	23308,
	23374,
	23600,
	23468,
	23315,
	23322,
	23604,
	23624,
	7008,
	603,
	23642,
	23672,
	7211,
	1658,
	23690,
	23721,
	23733,
	23740,
	23747,
	23764,
	5469,
	23778,
	23793,
	23805,
	23819,
	23834,
	23849,
	23866,
	23880,
	23888,
	23898,
	23910,
	23920,
	23934,
	23942,
	23952,
	23964,
	23974,
	23989,
	23999,
	24010,
	24023,
	4826,
	4831,
	24034,
	24053,
	24073,
	24101,
	24116,
	24147,
	24160,
	24173,
	24190,
	24201,
	24213,
	24224,
	24232,
	24246,
	24260,
	24275,
	24292,
	24310,
	24323,
	24342,
	24366,
	24393,
	24407,
	24425,
	24445,
	24466,
	24476,
	24483,
	24489,
	24504,
	20223,
	24519,
	24528,
	24539,
	24544,
	24562,
	24585,
	9477,
	24593,
	24611,
	24627,
	8283,
	24635,
	24649,
	24664,
	24677,
	24685,
	20419,
	24693,
	24737,
	24779,
	24808,
	24829,
	24842,
	24859,
	24883,
	24895,
	24906,
	24922,
	24944,
	24963,
	24978,
	24994,
	25005,
	25018,
	25031,
	25044,
	25057,
	5469,
	5563,
	5514,
	5421,
	25071,
	25092,
	25105,
	25123,
	24635,
	25133,
	25147,
	25164,
	25172,
	25181,
	25197,
	25215,
	737,
	25234,
	25245,
	25257,
	25283,
	25296,
	25309,
	25322,
	1232,
	266,
	25338,
	25349,
	25368,
	5345,
	5351,
	25384,
	1743,
	25397,
	10800,
	4298,
	25123,
	2126,
	5644,
	25407,
	1840,
	25417,
	5648,
	25427,
	20576,
	20403,
	25440,
	25447,
	25453,
	25465,
	25475,
	25487,
	25500,
	25509,
	25534,
	25556,
	25591,
	25613,
	25662,
	25703,
	25755,
	25818,
	25841,
	25858,
	23,
	25879,
	835,
	24635,
	25133,
	25888,
	1416,
	1666,
	416,
	801,
	24224,
	1701,
	24883,
	24201,
	25894,
	16026,
	230,
	24483,
	24489,
	24504,
	20223,
	25943,
	24519,
	24635,
	25951,
	25962,
	25971,
	25986,
	25993,
	26004,
	26021,
	26039,
	26043,
	26047,
	26051,
	26055,
	459,
	25164,
	25172,
	3359,
	26059,
	26075,
	26075,
	24483,
	11982,
	26081,
	26099,
	16040,
	26147,
	26161,
	26177,
	26228,
	1666,
	801,
	24883,
	416,
	690,
	2546,
	2554,
	26280,
	26288,
	26325,
	26332,
	26357,
	26374,
	26404,
	26437,
	26467,
	26502,
	3359,
	26512,
	26550,
	26565,
	26573,
	26583,
	13104,
	26604,
	26616,
	1397,
	26625,
	26648,
	1885,
	1891,
	26663,
};
########################################################
TYPE: MAP
LANG: FIXED
BIT_MODE: 16
DATA:
const CUSTOM_STRING_MAP_16 StrMap_Fixed[] = {
	1,
	3,
	5,
	7,
	9,
	11,
	13,
	15,
	17,
	19,
	21,
	24,
	29,
	59,
	59,
	59,
	59,
	59,
	59,
	59,
	59,
	59,
	59,
	59,
	59,
	59,
	59,
	59,
	59,
	59,
	59,
	59,
	59,
	59,
	59,
	59,
	59,
	59,
	59,
	59,
	61,
	59,
	59,
	59,
	65,
	79,
	110,
	133,
	137,
	162,
	167,
	172,
	178,
	195,
	202,
	218,
	228,
	237,
	248,
	257,
	270,
	284,
	298,
	308,
	317,
	328,
	335,
	342,
	349,
	358,
	367,
	371,
	379,
	395,
	416,
	434,
	450,
	464,
	483,
	486,
	489,
	486,
	498,
	523,
	534,
	559,
	571,
	599,
	613,
	3,
	5,
	9,
	17,
	633,
	636,
	639,
	642,
	646,
	661,
	680,
	684,
	689,
	694,
	711,
	724,
	737,
	745,
	753,
	766,
	784,
	801,
	829,
	851,
	861,
	868,
	873,
	881,
	886,
	896,
	914,
	934,
	952,
	966,
	982,
	997,
	1007,
	1018,
	1029,
	1051,
	1062,
	1072,
	1082,
	1101,
	1107,
	1127,
	1138,
	1157,
	1163,
	1175,
	1179,
	1185,
	1199,
	1211,
	1223,
	1235,
	1247,
	1261,
	1268,
	1275,
	1281,
	1285,
	1290,
	1297,
	1304,
	1308,
	1325,
	1336,
	1347,
	1351,
	1366,
	1379,
	1394,
	1409,
	1421,
	1439,
	1439,
	1458,
	1472,
	1509,
	1524,
	1536,
	1549,
	1561,
	1565,
	1580,
	1594,
	1607,
	1617,
	1628,
	1640,
	1647,
	1657,
	1669,
	1678,
	1688,
	1699,
	1710,
	1722,
	1733,
	1733,
	1748,
	1762,
	1778,
	1793,
	1807,
	1816,
	1828,
	873,
	1841,
	1886,
	1895,
	1907,
	1916,
	1928,
	1938,
	1953,
	1958,
	1964,
	1970,
	1979,
	1988,
	2001,
	2005,
	2010,
	2019,
	2026,
	2031,
	2037,
	2044,
	2053,
	2064,
	2072,
	2080,
	2086,
	2095,
	2104,
	2109,
	2116,
	2123,
	2135,
	2147,
	2153,
	2164,
	2173,
	2187,
	2195,
	2203,
	2212,
	2222,
	2229,
	2243,
	2249,
	2258,
	2267,
	2275,
	2282,
	2290,
	2295,
	2305,
	7,
	2308,
	2312,
	2317,
	2322,
	2329,
	2338,
	2347,
	2355,
	2362,
	2370,
	2380,
	2388,
	2399,
	2408,
	2416,
	2423,
	2433,
	2437,
	2448,
	2456,
	2465,
	2471,
	2479,
	2487,
	2491,
	2500,
	2510,
	2515,
	2524,
	2537,
	2542,
	2551,
	2561,
	2570,
	2578,
	2585,
	2593,
	2597,
	2601,
	2613,
	2625,
	2632,
	2641,
	2650,
	2655,
	2666,
	2675,
	2683,
	2697,
	2703,
	2716,
	2727,
	2736,
	2740,
	2747,
	2755,
	2758,
	2767,
	2775,
	2786,
	2797,
	2808,
	2814,
	2823,
	2832,
	2841,
	2845,
	2853,
	2861,
	2869,
	2874,
	2878,
	2883,
	2895,
	2904,
	2916,
	2921,
	2924,
	2933,
	2943,
	2951,
	2959,
	2963,
	2972,
	2984,
	2993,
	3002,
	3013,
	3021,
	3024,
	3035,
	3045,
	3054,
	3059,
	3069,
	3080,
	3084,
	3091,
	3095,
	3100,
	3109,
	3118,
	3123,
	3130,
	3136,
	3146,
	3155,
	3163,
	3173,
	3182,
	3188,
	3195,
	3204,
	3216,
	3222,
	3234,
	3244,
	3252,
	3257,
	3266,
	3273,
	3282,
	3294,
	3299,
	3303,
	3312,
	3319,
	3329,
	3338,
	3345,
	3357,
	3363,
	3369,
	3380,
	3392,
	3399,
	3405,
	3412,
	3423,
	3435,
	3443,
	3452,
	3461,
	3472,
	3484,
	3491,
	3498,
	3506,
	3515,
	3520,
	3533,
	3540,
	3551,
	3557,
	3564,
	3576,
	3584,
	3589,
	3600,
	3609,
	3616,
	3623,
	3632,
	3640,
	3651,
	3661,
	3665,
	3674,
	3685,
	3697,
	3706,
	3714,
	3720,
	3732,
	3745,
	3753,
	3765,
	3775,
	3782,
	3792,
	3804,
	3815,
	3827,
	3834,
	3845,
	3857,
	3867,
	3877,
	3886,
	3890,
	3904,
	3909,
	3913,
	3923,
	3928,
	3946,
	3957,
	3967,
	3973,
	3985,
	3996,
	4009,
	4019,
	4027,
	4039,
	4047,
	4055,
	4063,
	4071,
	4080,
	4090,
	4101,
	4109,
	4118,
	4129,
	4139,
	4151,
	4161,
	4169,
	4178,
	4183,
	4195,
	4206,
	4216,
	4228,
	4234,
	4243,
	4247,
	4256,
	4268,
	4274,
	4283,
	4292,
	4297,
	4304,
	4314,
	4324,
	4335,
	4350,
	4359,
	4367,
	4376,
	4380,
	4389,
	4393,
	4400,
	4405,
	4410,
	4416,
	4428,
	4433,
	4445,
	4456,
	4466,
	4474,
	4481,
	4486,
	4494,
	4502,
	4511,
	4517,
	4527,
	4531,
	4534,
	4539,
	4546,
	4554,
	4565,
	4570,
	4580,
	4595,
	4604,
	4607,
	4612,
	4618,
	4623,
	4628,
	4635,
	4641,
	4651,
	4656,
	4663,
	4670,
	4678,
	4688,
	4698,
	4708,
	4718,
	4728,
	4738,
	4747,
	4752,
	4759,
	4768,
	4780,
	4787,
	4791,
	4800,
	4806,
	4810,
	4820,
	4827,
	4835,
	4840,
	4851,
	4860,
	4867,
	4876,
	4884,
	4893,
	4908,
	4914,
	4926,
	4934,
	4946,
	4951,
	4956,
	4968,
	4976,
	4988,
	4999,
	5012,
	5021,
	5028,
	5035,
	5045,
	5052,
	5061,
	5067,
	5076,
	5083,
	5088,
	5097,
	5105,
	5112,
	5120,
	5131,
	5141,
	5152,
	5157,
	5166,
	5177,
	5186,
	5193,
	5201,
	5213,
	5220,
	5230,
	5237,
	5246,
	5255,
	5271,
	5280,
	5287,
	5297,
	5308,
	5315,
	5324,
	5334,
	5338,
	5349,
	5359,
	5366,
	5375,
	5384,
	5390,
	5398,
	5402,
	5407,
	5415,
	5419,
	5427,
	5432,
	5440,
	5447,
	5452,
	5456,
	5465,
	5469,
	5478,
	5484,
	5491,
	5499,
	5508,
	5516,
	5525,
	5531,
	5538,
	5549,
	5556,
	5563,
	5570,
	5580,
	5593,
	5600,
	5610,
	5620,
	5627,
	5632,
	59,
	59,
	59,
	59,
	59,
	59,
	59,
	59,
	59,
	59,
	59,
	59,
	59,
	59,
	59,
	59,
	59,
	59,
	59,
	59,
	59,
	59,
	59,
	59,
	59,
	59,
	59,
	59,
	59,
	59,
	59,
	59,
	59,
	59,
	59,
	59,
	59,
	59,
	59,
	59,
	59,
	59,
	59,
	59,
	5635,
	5653,
	5668,
	59,
	59,
	59,
};

########################################################
TYPE: VALUE
NAME: mtk_gTrans_string_count
VALUE: 2023
########################################################
TYPE: VALUE
NAME: mtk_gMaxDeployedLangs
VALUE: 1
########################################################
TYPE: VALUE
NAME: max_total_len
VALUE: 0
